0
2
3
3
4
4
5
5
6
6
8
9
10
10
10
11
11
11
11
12
12
13
14
14
15
15
16
16
18
19
20
21
22
23
23
23
24
25
26
27
27
28
28
28
30
30
30
31
32
32
33
33
33
34
35
36
36
37
38
39
40
40
41
41
42
43
43
43
44
45
46
47
48
49
50
50
51
53
55
56
57
57
58
59
60
61
62
64
64
65
65
66
67
68
69
70
71
72
72
72
73
74
74
74
74
75
75
76
77
78
78
78
79
79
79
79
80
80
80
82
82
83
83
84
84
84
85
86
87
88
89
89
90
91
92
92
92
93
93
93
94
95
95
95
95
95
95
95
95
95
97
97
98
98
98
99
99
99
100
100
101
101
102
103
103
104
105
107
107
108
108
109
111
111
111
112
114
114
115
115
116
119
119
119
120
120
121
121
122
122
123
124
124
125
125
125
125
126
127
127
128
128
129
130
130
130
130
131
131
132
132
132
133
133
133
133
134
138
141
143
144
145
146
147
150
150
153
154
155
155
156
156
158
160
160
162
163
164
164
165
165
165
166
166
167
168
168
170
171
171
172
174
174
175
176
176
177
177
178
178
179
179
180
180
180
181
182
183
184
184
185
186
187
187
187
188
188
188
188
188
188
189
190
191
191
192
193
194
195
196
196
197
198
198
198
199
199
200
200
200
201
202
202
203
204
205
206
207
207
207
209
209
210
210
211
212
212
213
214
215
215
215
221
221
223
223
223
223
225
225
227
227
229
229
232
233
234
235
235
236
237
237
237
239
239
240
241
241
242
243
245
246
246
247
249
250
251
251
251
251
252
252
253
253
254
254
255
255
256
256
256
258
260
260
261
262
262
264
264
264
264
264
265
265
266
267
268
268
269
269
269
270
270
271
272
272
273
273
273
274
274
274
274
275
275
277
278
278
279
279
281
281
282
282
282
283
283
285
286
286
286
287
287
288
288
288
289
290
290
290
291
291
292
292
294
295
295
295
296
297
297
298
299
299
301
301
302
303
305
305
306
306
307
308
308
309
309
310
311
311
311
312
313
315
315
315
315
316
317
318
319
319
319
320
321
322
322
323
323
324
325
326
326
327
327
327
328
329
329
331
332
333
333
337
338
338
339
340
341
342
342
342
343
344
344
347
347
347
348
349
349
350
351
352
352
354
355
358
358
359
360
360
361
362
364
365
367
368
369
369
370
371
372
374
374
375
375
376
377
378
379
380
382
382
383
384
384
385
386
386
386
387
387
388
390
391
391
391
392
393
393
394
395
396
398
399
401
402
403
404
405
405
406
406
406
408
409
410
410
410
411
411
412
413
414
416
416
416
417
417
417
418
419
420
420
420
421
422
423
424
425
425
426
427
427
427
429
429
430
432
432
433
434
435
435
435
435
435
436
436
436
437
437
438
438
439
440
440
441
442
442
443
443
443
444
444
445
446
447
448
449
450
451
451
451
452
452
453
453
456
457
457
458
459
460
460
461
462
462
463
464
465
468
469
469
469
469
471
471
471
471
472
472
473
473
474
475
476
476
476
477
477
479
479
480
480
480
480
480
480
480
480
481
481
482
482
483
483
483
483
484
485
485
486
486
487
487
487
488
488
488
490
491
491
492
492
493
493
494
495
495
496
497
498
498
498
499
499
499
501
501
502
502
502
503
503
503
504
504
504
504
506
506
506
506
507
507
507
507
509
509
509
509
509
509
510
511
511
511
512
513
515
515
517
517
518
519
519
520
521
521
522
522
522
522
523
523
526
526
528
528
529
529
530
530
531
531
532
532
533
533
534
534
535
537
539
540
541
541
542
543
544
545
545
546
547
547
548
548
549
550
551
551
553
553
553
555
555
556
556
557
557
558
558
559
559
560
561
562
562
563
563
564
564
565
565
566
566
566
567
567
568
568
568
571
571
572
572
573
575
575
575
576
576
577
577
578
578
579
579
580
580
580
584
586
586
586
586
586
588
588
589
589
589
590
590
591
591
592
593
594
595
595
595
596
596
596
597
597
598
598
598
598
599
599
600
600
601
601
601
602
603
603
603
603
605
605
606
606
607
607
609
609
610
611
611
611
611
611
612
612
613
613
613
613
613
614
614
614
614
615
615
615
616
616
617
618
618
618
618
619
619
619
619
620
620
620
620
622
622
623
623
623
623
624
624
625
626
626
626
626
627
627
628
629
630
630
630
630
631
632
632
632
633
633
635
636
637
637
637
637
637
638
638
638
639
639
640
640
640
640
640
640
640
641
641
642
642
642
642
642
642
643
643
643
643
643
643
644
644
644
644
644
644
644
645
645
646
646
646
647
647
647
648
648
648
649
649
650
650
651
651
651
653
653
656
656
657
657
658
658
658
658
660
661
661
663
663
664
664
664
664
664
666
666
667
667
667
668
668
670
670
671
672
672
672
672
673
673
673
673
674
674
674
674
674
675
675
676
676
676
677
682
682
682
